(kicad_pcb (version 20171130) (host pcbnew "(5.1.4)-1")

  (general
    (thickness 1.6)
    (drawings 4)
    (tracks 835)
    (zones 0)
    (modules 166)
    (nets 154)
  )

  (page A4)
  (layers
    (0 F.Cu signal)
    (31 B.Cu signal)
    (32 B.Adhes user)
    (33 F.Adhes user)
    (34 B.Paste user)
    (35 F.Paste user)
    (36 B.SilkS user)
    (37 F.SilkS user)
    (38 B.Mask user)
    (39 F.Mask user)
    (40 Dwgs.User user)
    (41 Cmts.User user)
    (42 Eco1.User user)
    (43 Eco2.User user)
    (44 Edge.Cuts user)
    (45 Margin user)
    (46 B.CrtYd user)
    (47 F.CrtYd user)
    (48 B.Fab user)
    (49 F.Fab user)
  )

  (setup
    (last_trace_width 0.2)
    (user_trace_width 0.3)
    (user_trace_width 0.5)
    (user_trace_width 0.8)
    (user_trace_width 1)
    (user_trace_width 2)
    (trace_clearance 0.1)
    (zone_clearance 0.308)
    (zone_45_only no)
    (trace_min 0.2)
    (via_size 0.5)
    (via_drill 0.3)
    (via_min_size 0.4)
    (via_min_drill 0.3)
    (user_via 0.4 0.3)
    (user_via 1 0.8)
    (uvia_size 0.3)
    (uvia_drill 0.1)
    (uvias_allowed no)
    (uvia_min_size 0.2)
    (uvia_min_drill 0.1)
    (edge_width 0.05)
    (segment_width 0.2)
    (pcb_text_width 0.3)
    (pcb_text_size 1.5 1.5)
    (mod_edge_width 0.12)
    (mod_text_size 1 1)
    (mod_text_width 0.15)
    (pad_size 6.4 5.8)
    (pad_drill 0)
    (pad_to_mask_clearance 0.051)
    (solder_mask_min_width 0.25)
    (aux_axis_origin 0 0)
    (visible_elements 7FFFFFFF)
    (pcbplotparams
      (layerselection 0x010fc_ffffffff)
      (usegerberextensions false)
      (usegerberattributes false)
      (usegerberadvancedattributes false)
      (creategerberjobfile false)
      (excludeedgelayer true)
      (linewidth 0.100000)
      (plotframeref false)
      (viasonmask false)
      (mode 1)
      (useauxorigin false)
      (hpglpennumber 1)
      (hpglpenspeed 20)
      (hpglpendiameter 15.000000)
      (psnegative false)
      (psa4output false)
      (plotreference true)
      (plotvalue true)
      (plotinvisibletext false)
      (padsonsilk false)
      (subtractmaskfromsilk false)
      (outputformat 1)
      (mirror false)
      (drillshape 1)
      (scaleselection 1)
      (outputdirectory ""))
  )

  (net 0 "")
  (net 1 "Net-(C1-Pad2)")
  (net 2 -BATT)
  (net 3 "Net-(C2-Pad2)")
  (net 4 "Net-(C3-Pad2)")
  (net 5 "Net-(C4-Pad2)")
  (net 6 "Net-(C5-Pad2)")
  (net 7 "Net-(C5-Pad1)")
  (net 8 "Net-(C6-Pad1)")
  (net 9 CELL4)
  (net 10 "Net-(C7-Pad2)")
  (net 11 +VDC)
  (net 12 "Net-(C9-Pad1)")
  (net 13 GND)
  (net 14 "Net-(C11-Pad1)")
  (net 15 PP_HV)
  (net 16 COMP1)
  (net 17 "Net-(C16-Pad1)")
  (net 18 COMP2)
  (net 19 ACP)
  (net 20 ACN)
  (net 21 "Net-(C20-Pad1)")
  (net 22 "Net-(C21-Pad1)")
  (net 23 "Net-(C22-Pad1)")
  (net 24 "Net-(C23-Pad2)")
  (net 25 "Net-(C24-Pad2)")
  (net 26 "Net-(C25-Pad1)")
  (net 27 TP1)
  (net 28 TP2)
  (net 29 "Net-(C26-Pad1)")
  (net 30 "Net-(C27-Pad2)")
  (net 31 VDDA)
  (net 32 REGN)
  (net 33 "Net-(C35-Pad2)")
  (net 34 PD_LDO_3V3)
  (net 35 VBUS_C)
  (net 36 SYS)
  (net 37 SYS_EN)
  (net 38 SW)
  (net 39 "Net-(C44-Pad2)")
  (net 40 "Net-(C45-Pad1)")
  (net 41 +3V3)
  (net 42 +5V)
  (net 43 "Net-(C46-Pad1)")
  (net 44 "Net-(C50-Pad1)")
  (net 45 CC1)
  (net 46 CC2)
  (net 47 LDO_1V8)
  (net 48 "Net-(D2-Pad2)")
  (net 49 "Net-(D2-Pad1)")
  (net 50 "Net-(D4-Pad2)")
  (net 51 SCL_1)
  (net 52 SDA_1)
  (net 53 IRQ_1)
  (net 54 IRQ_2)
  (net 55 SCL_2)
  (net 56 SDA_2)
  (net 57 PROCHOT)
  (net 58 CHRG_OK)
  (net 59 CELL1)
  (net 60 CELL2)
  (net 61 CELL3)
  (net 62 "Net-(IC1-Pad31)")
  (net 63 "Net-(IC1-Pad30)")
  (net 64 "Net-(Q2-Pad1)")
  (net 65 "Net-(Q1-Pad1)")
  (net 66 "Net-(IC1-Pad13)")
  (net 67 "Net-(IC1-Pad12)")
  (net 68 "Net-(IC1-Pad11)")
  (net 69 "Net-(IC1-Pad10)")
  (net 70 "Net-(IC1-Pad26)")
  (net 71 "Net-(IC1-Pad19)")
  (net 72 "Net-(IC1-Pad18)")
  (net 73 DISP)
  (net 74 "Net-(IC1-Pad17)")
  (net 75 "Net-(IC1-Pad28)")
  (net 76 "Net-(IC1-Pad27)")
  (net 77 "Net-(IC4-Pad6)")
  (net 78 "Net-(IC4-Pad18)")
  (net 79 "Net-(IC4-Pad20)")
  (net 80 "Net-(IC4-Pad19)")
  (net 81 "Net-(IC5-Pad9)")
  (net 82 "Net-(J1-PadA8)")
  (net 83 "Net-(J1-PadB8)")
  (net 84 "Net-(D9-Pad2)")
  (net 85 "Net-(PS1-Pad4)")
  (net 86 "Net-(IC6-Pad3)")
  (net 87 SPI_CSZ)
  (net 88 "Net-(D10-Pad1)")
  (net 89 SW_SIG)
  (net 90 SPI_MOSI)
  (net 91 "Net-(IC6-Pad7)")
  (net 92 "Net-(R63-Pad2)")
  (net 93 "Net-(R64-Pad2)")
  (net 94 "Net-(R65-Pad2)")
  (net 95 SRC_EVT)
  (net 96 "Net-(R66-Pad2)")
  (net 97 "Net-(R67-Pad2)")
  (net 98 EN_OTG)
  (net 99 "Net-(R68-Pad2)")
  (net 100 ADCIN2)
  (net 101 ADCIN1)
  (net 102 "Net-(IC1-Pad15)")
  (net 103 "Net-(D1-Pad1)")
  (net 104 "Net-(IC4-Pad15)")
  (net 105 "Net-(IC4-Pad21)")
  (net 106 TP6)
  (net 107 TP4)
  (net 108 TP3)
  (net 109 TP5)
  (net 110 "Net-(IC5-Pad1)")
  (net 111 "Net-(IC5-Pad2)")
  (net 112 CC1_CONN)
  (net 113 CC2_CONN)
  (net 114 "Net-(IC5-Pad14)")
  (net 115 "Net-(IC5-Pad15)")
  (net 116 "Net-(IC5-Pad16)")
  (net 117 "Net-(IC5-Pad17)")
  (net 118 DP_C)
  (net 119 DN_C)
  (net 120 SPI_MISO)
  (net 121 SPI_CLK)
  (net 122 "Net-(L2-Pad1)")
  (net 123 "Net-(J1-PadA2)")
  (net 124 "Net-(J1-PadA3)")
  (net 125 "Net-(J1-PadA10)")
  (net 126 "Net-(J1-PadA11)")
  (net 127 "Net-(J1-PadB2)")
  (net 128 "Net-(J1-PadB3)")
  (net 129 "Net-(J1-PadB10)")
  (net 130 "Net-(J1-PadB11)")
  (net 131 DP_A)
  (net 132 DN_A)
  (net 133 VBUS_A)
  (net 134 "Net-(C10-Pad1)")
  (net 135 GPIO12)
  (net 136 GPIO13)
  (net 137 "/Cell Balancer BQ4050/Source")
  (net 138 "Net-(Q2-Pad2)")
  (net 139 "Net-(Q3-Pad1)")
  (net 140 "Net-(IC2-Pad1)")
  (net 141 "Net-(IC2-Pad4)")
  (net 142 "Net-(IC2-Pad5)")
  (net 143 "Net-(IC3-Pad5)")
  (net 144 SNK_EVENT)
  (net 145 DRAIN2)
  (net 146 DRAIN1)
  (net 147 SRC_EVENT_LED)
  (net 148 TP12)
  (net 149 LED_CTL)
  (net 150 LEDR)
  (net 151 "Net-(U1-Pad47)")
  (net 152 LEDG)
  (net 153 LEDB)

  (net_class Default "This is the default net class."
    (clearance 0.1)
    (trace_width 0.2)
    (via_dia 0.5)
    (via_drill 0.3)
    (uvia_dia 0.3)
    (uvia_drill 0.1)
    (add_net +3V3)
    (add_net +5V)
    (add_net +VDC)
    (add_net -BATT)
    (add_net "/Cell Balancer BQ4050/Source")
    (add_net ACN)
    (add_net ACP)
    (add_net ADCIN1)
    (add_net ADCIN2)
    (add_net CC1)
    (add_net CC1_CONN)
    (add_net CC2)
    (add_net CC2_CONN)
    (add_net CELL1)
    (add_net CELL2)
    (add_net CELL3)
    (add_net CELL4)
    (add_net CHRG_OK)
    (add_net COMP1)
    (add_net COMP2)
    (add_net DISP)
    (add_net DN_A)
    (add_net DN_C)
    (add_net DP_A)
    (add_net DP_C)
    (add_net DRAIN1)
    (add_net DRAIN2)
    (add_net EN_OTG)
    (add_net GND)
    (add_net GPIO12)
    (add_net GPIO13)
    (add_net IRQ_1)
    (add_net IRQ_2)
    (add_net LDO_1V8)
    (add_net LEDB)
    (add_net LEDG)
    (add_net LEDR)
    (add_net LED_CTL)
    (add_net "Net-(C1-Pad2)")
    (add_net "Net-(C10-Pad1)")
    (add_net "Net-(C11-Pad1)")
    (add_net "Net-(C16-Pad1)")
    (add_net "Net-(C2-Pad2)")
    (add_net "Net-(C20-Pad1)")
    (add_net "Net-(C21-Pad1)")
    (add_net "Net-(C22-Pad1)")
    (add_net "Net-(C23-Pad2)")
    (add_net "Net-(C24-Pad2)")
    (add_net "Net-(C25-Pad1)")
    (add_net "Net-(C26-Pad1)")
    (add_net "Net-(C27-Pad2)")
    (add_net "Net-(C3-Pad2)")
    (add_net "Net-(C35-Pad2)")
    (add_net "Net-(C4-Pad2)")
    (add_net "Net-(C44-Pad2)")
    (add_net "Net-(C45-Pad1)")
    (add_net "Net-(C46-Pad1)")
    (add_net "Net-(C5-Pad1)")
    (add_net "Net-(C5-Pad2)")
    (add_net "Net-(C50-Pad1)")
    (add_net "Net-(C6-Pad1)")
    (add_net "Net-(C7-Pad2)")
    (add_net "Net-(C9-Pad1)")
    (add_net "Net-(D1-Pad1)")
    (add_net "Net-(D10-Pad1)")
    (add_net "Net-(D2-Pad1)")
    (add_net "Net-(D2-Pad2)")
    (add_net "Net-(D4-Pad2)")
    (add_net "Net-(D9-Pad2)")
    (add_net "Net-(IC1-Pad10)")
    (add_net "Net-(IC1-Pad11)")
    (add_net "Net-(IC1-Pad12)")
    (add_net "Net-(IC1-Pad13)")
    (add_net "Net-(IC1-Pad15)")
    (add_net "Net-(IC1-Pad17)")
    (add_net "Net-(IC1-Pad18)")
    (add_net "Net-(IC1-Pad19)")
    (add_net "Net-(IC1-Pad26)")
    (add_net "Net-(IC1-Pad27)")
    (add_net "Net-(IC1-Pad28)")
    (add_net "Net-(IC1-Pad30)")
    (add_net "Net-(IC1-Pad31)")
    (add_net "Net-(IC2-Pad1)")
    (add_net "Net-(IC2-Pad4)")
    (add_net "Net-(IC2-Pad5)")
    (add_net "Net-(IC3-Pad5)")
    (add_net "Net-(IC4-Pad15)")
    (add_net "Net-(IC4-Pad18)")
    (add_net "Net-(IC4-Pad19)")
    (add_net "Net-(IC4-Pad20)")
    (add_net "Net-(IC4-Pad21)")
    (add_net "Net-(IC4-Pad6)")
    (add_net "Net-(IC5-Pad1)")
    (add_net "Net-(IC5-Pad14)")
    (add_net "Net-(IC5-Pad15)")
    (add_net "Net-(IC5-Pad16)")
    (add_net "Net-(IC5-Pad17)")
    (add_net "Net-(IC5-Pad2)")
    (add_net "Net-(IC5-Pad9)")
    (add_net "Net-(IC6-Pad3)")
    (add_net "Net-(IC6-Pad7)")
    (add_net "Net-(J1-PadA10)")
    (add_net "Net-(J1-PadA11)")
    (add_net "Net-(J1-PadA2)")
    (add_net "Net-(J1-PadA3)")
    (add_net "Net-(J1-PadA8)")
    (add_net "Net-(J1-PadB10)")
    (add_net "Net-(J1-PadB11)")
    (add_net "Net-(J1-PadB2)")
    (add_net "Net-(J1-PadB3)")
    (add_net "Net-(J1-PadB8)")
    (add_net "Net-(L2-Pad1)")
    (add_net "Net-(PS1-Pad4)")
    (add_net "Net-(Q1-Pad1)")
    (add_net "Net-(Q2-Pad1)")
    (add_net "Net-(Q2-Pad2)")
    (add_net "Net-(Q3-Pad1)")
    (add_net "Net-(R63-Pad2)")
    (add_net "Net-(R64-Pad2)")
    (add_net "Net-(R65-Pad2)")
    (add_net "Net-(R66-Pad2)")
    (add_net "Net-(R67-Pad2)")
    (add_net "Net-(R68-Pad2)")
    (add_net "Net-(U1-Pad47)")
    (add_net PD_LDO_3V3)
    (add_net PP_HV)
    (add_net PROCHOT)
    (add_net REGN)
    (add_net SCL_1)
    (add_net SCL_2)
    (add_net SDA_1)
    (add_net SDA_2)
    (add_net SNK_EVENT)
    (add_net SPI_CLK)
    (add_net SPI_CSZ)
    (add_net SPI_MISO)
    (add_net SPI_MOSI)
    (add_net SRC_EVENT_LED)
    (add_net SRC_EVT)
    (add_net SW)
    (add_net SW_SIG)
    (add_net SYS)
    (add_net SYS_EN)
    (add_net TP1)
    (add_net TP12)
    (add_net TP2)
    (add_net TP3)
    (add_net TP4)
    (add_net TP5)
    (add_net TP6)
    (add_net VBUS_A)
    (add_net VBUS_C)
    (add_net VDDA)
  )

  (module Powerbank:XT30PW-M (layer F.Cu) (tedit 5E0F77CB) (tstamp 5E10879F)
    (at 116 100 90)
    (path /5E0D235E/5E810B0B)
    (fp_text reference J3 (at 0 0.5 90) (layer F.SilkS)
      (effects (font (size 1 1) (thickness 0.15)))
    )
    (fp_text value Conn_01x02_Male (at 0 -0.5 90) (layer F.Fab)
      (effects (font (size 1 1) (thickness 0.15)))
    )
    (fp_line (start -6 -11) (end -6 1) (layer F.SilkS) (width 0.12))
    (fp_line (start -6 1) (end 6 1) (layer F.SilkS) (width 0.12))
    (fp_line (start 6 1) (end 6 -11) (layer F.SilkS) (width 0.12))
    (fp_line (start 6 -11) (end -6 -11) (layer F.SilkS) (width 0.12))
    (fp_text user _ (at 5 -2 90) (layer F.SilkS)
      (effects (font (size 1 1) (thickness 0.15)))
    )
    (fp_text user + (at -5 -1.5 90) (layer F.SilkS)
      (effects (font (size 1 1) (thickness 0.15)))
    )
    (pad 1 thru_hole circle (at -2.5 0 90) (size 3 3) (drill 1.7) (layers *.Cu *.Mask)
      (net 9 CELL4) (zone_connect 2))
    (pad "" thru_hole circle (at -5.5 -10 90) (size 1.524 1.524) (drill 1) (layers *.Cu *.Mask))
    (pad "" thru_hole circle (at 5.5 -10 90) (size 1.524 1.524) (drill 1) (layers *.Cu *.Mask))
    (pad 2 thru_hole circle (at 2.5 0 180) (size 3 3) (drill 1.7) (layers *.Cu *.Mask)
      (net 2 -BATT) (zone_connect 2))
  )

  (module Powerbank:SOIC127P600X175-8N (layer F.Cu) (tedit 0) (tstamp 5E0ED96C)
    (at 130.75 153.25 270)
    (descr "8-Pin SOIC8 150-mil (Package Code SN)")
    (tags "Integrated Circuit")
    (path /5E7BFD38/5E7C0184)
    (attr smd)
    (fp_text reference IC6 (at 0 0 90) (layer F.SilkS)
      (effects (font (size 1.27 1.27) (thickness 0.254)))
    )
    (fp_text value W25Q80DVSNIG (at 0 0 90) (layer F.SilkS) hide
      (effects (font (size 1.27 1.27) (thickness 0.254)))
    )
    (fp_text user %R (at 0 0 90) (layer F.Fab)
      (effects (font (size 1.27 1.27) (thickness 0.254)))
    )
    (fp_line (start -3.725 -2.75) (end 3.725 -2.75) (layer F.CrtYd) (width 0.05))
    (fp_line (start 3.725 -2.75) (end 3.725 2.75) (layer F.CrtYd) (width 0.05))
    (fp_line (start 3.725 2.75) (end -3.725 2.75) (layer F.CrtYd) (width 0.05))
    (fp_line (start -3.725 2.75) (end -3.725 -2.75) (layer F.CrtYd) (width 0.05))
    (fp_line (start -1.95 -2.45) (end 1.95 -2.45) (layer F.Fab) (width 0.1))
    (fp_line (start 1.95 -2.45) (end 1.95 2.45) (layer F.Fab) (width 0.1))
    (fp_line (start 1.95 2.45) (end -1.95 2.45) (layer F.Fab) (width 0.1))
    (fp_line (start -1.95 2.45) (end -1.95 -2.45) (layer F.Fab) (width 0.1))
    (fp_line (start -1.95 -1.18) (end -0.68 -2.45) (layer F.Fab) (width 0.1))
    (fp_line (start -1.6 -2.45) (end 1.6 -2.45) (layer F.SilkS) (width 0.2))
    (fp_line (start 1.6 -2.45) (end 1.6 2.45) (layer F.SilkS) (width 0.2))
    (fp_line (start 1.6 2.45) (end -1.6 2.45) (layer F.SilkS) (width 0.2))
    (fp_line (start -1.6 2.45) (end -1.6 -2.45) (layer F.SilkS) (width 0.2))
    (fp_line (start -3.475 -2.605) (end -1.95 -2.605) (layer F.SilkS) (width 0.2))
    (pad 1 smd rect (at -2.712 -1.905) (size 0.7 1.525) (layers F.Cu F.Paste F.Mask)
      (net 87 SPI_CSZ))
    (pad 2 smd rect (at -2.712 -0.635) (size 0.7 1.525) (layers F.Cu F.Paste F.Mask)
      (net 120 SPI_MISO))
    (pad 3 smd rect (at -2.712 0.635) (size 0.7 1.525) (layers F.Cu F.Paste F.Mask)
      (net 86 "Net-(IC6-Pad3)"))
    (pad 4 smd rect (at -2.712 1.905) (size 0.7 1.525) (layers F.Cu F.Paste F.Mask)
      (net 13 GND))
    (pad 5 smd rect (at 2.712 1.905) (size 0.7 1.525) (layers F.Cu F.Paste F.Mask)
      (net 90 SPI_MOSI))
    (pad 6 smd rect (at 2.712 0.635) (size 0.7 1.525) (layers F.Cu F.Paste F.Mask)
      (net 121 SPI_CLK))
    (pad 7 smd rect (at 2.712 -0.635) (size 0.7 1.525) (layers F.Cu F.Paste F.Mask)
      (net 91 "Net-(IC6-Pad7)"))
    (pad 8 smd rect (at 2.712 -1.905) (size 0.7 1.525) (layers F.Cu F.Paste F.Mask)
      (net 34 PD_LDO_3V3))
    (model C:\Users\oskar\Desktop\KiCADLib\SamacSys_Parts.3dshapes\W25Q80DVSNIG.stp
      (at (xyz 0 0 0))
      (scale (xyz 1 1 1))
      (rotate (xyz 0 0 0))
    )
  )

  (module Connector_USB:USB_C_Receptacle_Amphenol_12401610E4-2A (layer F.Cu) (tedit 5E0E19D1) (tstamp 5E0F22DA)
    (at 185 85 90)
    (descr "USB TYPE C, RA RCPT PCB, SMT, https://www.amphenolcanada.com/StockAvailabilityPrice.aspx?From=&PartNum=12401610E4%7e2A")
    (tags "USB C Type-C Receptacle SMD")
    (path /5E0D01AD/5E7701C7)
    (attr smd)
    (fp_text reference J1 (at 0 -6.36 90) (layer F.SilkS)
      (effects (font (size 1 1) (thickness 0.15)))
    )
    (fp_text value USB_C_Receptacle (at 0 6.14 90) (layer F.Fab)
      (effects (font (size 1 1) (thickness 0.15)))
    )
    (fp_text user %R (at 0 0 90) (layer F.Fab)
      (effects (font (size 1 1) (thickness 0.1)))
    )
    (fp_line (start -5.39 5.73) (end -5.39 -5.87) (layer F.CrtYd) (width 0.05))
    (fp_line (start 5.39 5.73) (end -5.39 5.73) (layer F.CrtYd) (width 0.05))
    (fp_line (start 5.39 -5.87) (end 5.39 5.73) (layer F.CrtYd) (width 0.05))
    (fp_line (start -5.39 -5.87) (end 5.39 -5.87) (layer F.CrtYd) (width 0.05))
    (fp_line (start 4.6 5.23) (end 4.6 -5.22) (layer F.Fab) (width 0.1))
    (fp_line (start -4.6 5.23) (end 4.6 5.23) (layer F.Fab) (width 0.1))
    (fp_line (start 3.25 -5.37) (end 4.75 -5.37) (layer F.SilkS) (width 0.12))
    (fp_line (start 4.75 -5.37) (end 4.75 1.89) (layer F.SilkS) (width 0.12))
    (fp_line (start -4.75 -5.37) (end -4.75 1.89) (layer F.SilkS) (width 0.12))
    (fp_line (start -4.75 -5.37) (end -3.25 -5.37) (layer F.SilkS) (width 0.12))
    (fp_line (start -4.6 -5.22) (end 4.6 -5.22) (layer F.Fab) (width 0.1))
    (fp_line (start -4.6 5.23) (end -4.6 -5.22) (layer F.Fab) (width 0.1))
    (pad S1 thru_hole oval (at -4.13 -3.11 90) (size 0.8 1.4) (drill oval 0.5 1.1) (layers *.Cu *.Mask)
      (net 13 GND))
    (pad A1 smd rect (at -2.75 -5.02 90) (size 0.3 0.7) (layers F.Cu F.Paste F.Mask)
      (net 13 GND))
    (pad A2 smd rect (at -2.25 -5.02 90) (size 0.3 0.7) (layers F.Cu F.Paste F.Mask)
      (net 123 "Net-(J1-PadA2)"))
    (pad A3 smd rect (at -1.75 -5.02 90) (size 0.3 0.7) (layers F.Cu F.Paste F.Mask)
      (net 124 "Net-(J1-PadA3)"))
    (pad A4 smd rect (at -1.25 -5.02 90) (size 0.3 0.7) (layers F.Cu F.Paste F.Mask)
      (net 35 VBUS_C))
    (pad A5 smd rect (at -0.75 -5.02 90) (size 0.3 0.7) (layers F.Cu F.Paste F.Mask)
      (net 112 CC1_CONN))
    (pad A6 smd rect (at -0.25 -5.02 90) (size 0.3 0.7) (layers F.Cu F.Paste F.Mask)
      (net 118 DP_C))
    (pad A7 smd rect (at 0.25 -5.02 90) (size 0.3 0.7) (layers F.Cu F.Paste F.Mask)
      (net 119 DN_C))
    (pad A12 smd rect (at 2.75 -5.02 90) (size 0.3 0.7) (layers F.Cu F.Paste F.Mask)
      (net 13 GND))
    (pad A10 smd rect (at 1.75 -5.02 90) (size 0.3 0.7) (layers F.Cu F.Paste F.Mask)
      (net 125 "Net-(J1-PadA10)"))
    (pad A9 smd rect (at 1.25 -5.02 90) (size 0.3 0.7) (layers F.Cu F.Paste F.Mask)
      (net 35 VBUS_C))
    (pad A8 smd rect (at 0.75 -5.02 90) (size 0.3 0.7) (layers F.Cu F.Paste F.Mask)
      (net 82 "Net-(J1-PadA8)"))
    (pad A11 smd rect (at 2.25 -5.02 90) (size 0.3 0.7) (layers F.Cu F.Paste F.Mask)
      (net 126 "Net-(J1-PadA11)"))
    (pad B1 smd rect (at 2.5 -3.32 90) (size 0.3 0.7) (layers F.Cu F.Paste F.Mask)
      (net 13 GND))
    (pad S1 thru_hole oval (at 4.13 -3.11 90) (size 0.8 1.4) (drill oval 0.5 1.1) (layers *.Cu *.Mask)
      (net 13 GND))
    (pad S1 thru_hole oval (at 4.49 2.84 90) (size 0.8 1.4) (drill oval 0.5 1.1) (layers *.Cu *.Mask)
      (net 13 GND))
    (pad S1 thru_hole oval (at -4.49 2.84 90) (size 0.8 1.4) (drill oval 0.5 1.1) (layers *.Cu *.Mask)
      (net 13 GND))
    (pad "" np_thru_hole oval (at 3.6 -4.36 90) (size 0.95 0.65) (drill oval 0.95 0.65) (layers *.Cu *.Mask))
    (pad "" np_thru_hole circle (at -3.6 -4.36 90) (size 0.65 0.65) (drill 0.65) (layers *.Cu *.Mask))
    (pad B2 smd rect (at 2 -3.32 90) (size 0.3 0.7) (layers F.Cu F.Paste F.Mask)
      (net 127 "Net-(J1-PadB2)"))
    (pad B3 smd rect (at 1.5 -3.32 90) (size 0.3 0.7) (layers F.Cu F.Paste F.Mask)
      (net 128 "Net-(J1-PadB3)"))
    (pad B4 smd rect (at 1 -3.32 90) (size 0.3 0.7) (layers F.Cu F.Paste F.Mask)
      (net 35 VBUS_C))
    (pad B5 smd rect (at 0.5 -3.32 90) (size 0.3 0.7) (layers F.Cu F.Paste F.Mask)
      (net 113 CC2_CONN))
    (pad B6 smd rect (at 0 -3.32 90) (size 0.3 0.7) (layers F.Cu F.Paste F.Mask)
      (net 118 DP_C))
    (pad B7 smd rect (at -0.5 -3.32 90) (size 0.3 0.7) (layers F.Cu F.Paste F.Mask)
      (net 119 DN_C))
    (pad B8 smd rect (at -1 -3.32 90) (size 0.3 0.7) (layers F.Cu F.Paste F.Mask)
      (net 83 "Net-(J1-PadB8)"))
    (pad B9 smd rect (at -1.5 -3.32 90) (size 0.3 0.7) (layers F.Cu F.Paste F.Mask)
      (net 35 VBUS_C))
    (pad B10 smd rect (at -2 -3.32 90) (size 0.3 0.7) (layers F.Cu F.Paste F.Mask)
      (net 129 "Net-(J1-PadB10)"))
    (pad B11 smd rect (at -2.5 -3.32 90) (size 0.3 0.7) (layers F.Cu F.Paste F.Mask)
      (net 130 "Net-(J1-PadB11)"))
    (pad B12 smd rect (at -3 -3.32 90) (size 0.3 0.7) (layers F.Cu F.Paste F.Mask)
      (net 13 GND))
    (model ${KISYS3DMOD}/Connector_USB.3dshapes/USB_C_Receptacle_Amphenol_12401610E4-2A.wrl
      (at (xyz 0 0 0))
      (scale (xyz 1 1 1))
      (rotate (xyz 0 0 0))
    )
    (model ${KIPRJMOD}/Component_Libraries/Footprint_Libraries/Powerbank.3dshapes/M-12401610E4#2A-REVT2.stp
      (offset (xyz 0 -5.2 1.5))
      (scale (xyz 1 1 1))
      (rotate (xyz 0 0 90))
    )
  )

  (module Capacitor_SMD:C_0603_1608Metric (layer F.Cu) (tedit 5B301BBE) (tstamp 5E0E6D22)
    (at 114.25 126.25 180)
    (descr "Capacitor SMD 0603 (1608 Metric), square (rectangular) end terminal, IPC_7351 nominal, (Body size source: http://www.tortai-tech.com/upload/download/2011102023233369053.pdf), generated with kicad-footprint-generator")
    (tags capacitor)
    (path /5E0CBF52/5E0DD2C3)
    (attr smd)
    (fp_text reference C1 (at 0 -1.43) (layer F.SilkS)
      (effects (font (size 1 1) (thickness 0.15)))
    )
    (fp_text value 0.1µF (at 0 1.43) (layer F.Fab)
      (effects (font (size 1 1) (thickness 0.15)))
    )
    (fp_text user %R (at 0 0) (layer F.Fab)
      (effects (font (size 0.4 0.4) (thickness 0.06)))
    )
    (fp_line (start 1.48 0.73) (end -1.48 0.73) (layer F.CrtYd) (width 0.05))
    (fp_line (start 1.48 -0.73) (end 1.48 0.73) (layer F.CrtYd) (width 0.05))
    (fp_line (start -1.48 -0.73) (end 1.48 -0.73) (layer F.CrtYd) (width 0.05))
    (fp_line (start -1.48 0.73) (end -1.48 -0.73) (layer F.CrtYd) (width 0.05))
    (fp_line (start -0.162779 0.51) (end 0.162779 0.51) (layer F.SilkS) (width 0.12))
    (fp_line (start -0.162779 -0.51) (end 0.162779 -0.51) (layer F.SilkS) (width 0.12))
    (fp_line (start 0.8 0.4) (end -0.8 0.4) (layer F.Fab) (width 0.1))
    (fp_line (start 0.8 -0.4) (end 0.8 0.4) (layer F.Fab) (width 0.1))
    (fp_line (start -0.8 -0.4) (end 0.8 -0.4) (layer F.Fab) (width 0.1))
    (fp_line (start -0.8 0.4) (end -0.8 -0.4) (layer F.Fab) (width 0.1))
    (pad 2 smd roundrect (at 0.7875 0 180) (size 0.875 0.95) (layers F.Cu F.Paste F.Mask) (roundrect_rratio 0.25)
      (net 1 "Net-(C1-Pad2)"))
    (pad 1 smd roundrect (at -0.7875 0 180) (size 0.875 0.95) (layers F.Cu F.Paste F.Mask) (roundrect_rratio 0.25)
      (net 2 -BATT))
    (model ${KISYS3DMOD}/Capacitor_SMD.3dshapes/C_0603_1608Metric.wrl
      (at (xyz 0 0 0))
      (scale (xyz 1 1 1))
      (rotate (xyz 0 0 0))
    )
  )

  (module Capacitor_SMD:C_0603_1608Metric (layer F.Cu) (tedit 5B301BBE) (tstamp 5E0E6D33)
    (at 114.25 124.75 180)
    (descr "Capacitor SMD 0603 (1608 Metric), square (rectangular) end terminal, IPC_7351 nominal, (Body size source: http://www.tortai-tech.com/upload/download/2011102023233369053.pdf), generated with kicad-footprint-generator")
    (tags capacitor)
    (path /5E0CBF52/5E0DC519)
    (attr smd)
    (fp_text reference C2 (at 0 -1.43) (layer F.SilkS)
      (effects (font (size 1 1) (thickness 0.15)))
    )
    (fp_text value 0.1µF (at 0 1.43) (layer F.Fab)
      (effects (font (size 1 1) (thickness 0.15)))
    )
    (fp_text user %R (at 0 0) (layer F.Fab)
      (effects (font (size 0.4 0.4) (thickness 0.06)))
    )
    (fp_line (start 1.48 0.73) (end -1.48 0.73) (layer F.CrtYd) (width 0.05))
    (fp_line (start 1.48 -0.73) (end 1.48 0.73) (layer F.CrtYd) (width 0.05))
    (fp_line (start -1.48 -0.73) (end 1.48 -0.73) (layer F.CrtYd) (width 0.05))
    (fp_line (start -1.48 0.73) (end -1.48 -0.73) (layer F.CrtYd) (width 0.05))
    (fp_line (start -0.162779 0.51) (end 0.162779 0.51) (layer F.SilkS) (width 0.12))
    (fp_line (start -0.162779 -0.51) (end 0.162779 -0.51) (layer F.SilkS) (width 0.12))
    (fp_line (start 0.8 0.4) (end -0.8 0.4) (layer F.Fab) (width 0.1))
    (fp_line (start 0.8 -0.4) (end 0.8 0.4) (layer F.Fab) (width 0.1))
    (fp_line (start -0.8 -0.4) (end 0.8 -0.4) (layer F.Fab) (width 0.1))
    (fp_line (start -0.8 0.4) (end -0.8 -0.4) (layer F.Fab) (width 0.1))
    (pad 2 smd roundrect (at 0.7875 0 180) (size 0.875 0.95) (layers F.Cu F.Paste F.Mask) (roundrect_rratio 0.25)
      (net 3 "Net-(C2-Pad2)"))
    (pad 1 smd roundrect (at -0.7875 0 180) (size 0.875 0.95) (layers F.Cu F.Paste F.Mask) (roundrect_rratio 0.25)
      (net 2 -BATT))
    (model ${KISYS3DMOD}/Capacitor_SMD.3dshapes/C_0603_1608Metric.wrl
      (at (xyz 0 0 0))
      (scale (xyz 1 1 1))
      (rotate (xyz 0 0 0))
    )
  )

  (module Capacitor_SMD:C_0603_1608Metric (layer F.Cu) (tedit 5B301BBE) (tstamp 5E0E6D44)
    (at 114.25 123.25 180)
    (descr "Capacitor SMD 0603 (1608 Metric), square (rectangular) end terminal, IPC_7351 nominal, (Body size source: http://www.tortai-tech.com/upload/download/2011102023233369053.pdf), generated with kicad-footprint-generator")
    (tags capacitor)
    (path /5E0CBF52/5E0DC0C9)
    (attr smd)
    (fp_text reference C3 (at 0 -1.43) (layer F.SilkS)
      (effects (font (size 1 1) (thickness 0.15)))
    )
    (fp_text value 0.1µF (at 0 1.43) (layer F.Fab)
      (effects (font (size 1 1) (thickness 0.15)))
    )
    (fp_line (start -0.8 0.4) (end -0.8 -0.4) (layer F.Fab) (width 0.1))
    (fp_line (start -0.8 -0.4) (end 0.8 -0.4) (layer F.Fab) (width 0.1))
    (fp_line (start 0.8 -0.4) (end 0.8 0.4) (layer F.Fab) (width 0.1))
    (fp_line (start 0.8 0.4) (end -0.8 0.4) (layer F.Fab) (width 0.1))
    (fp_line (start -0.162779 -0.51) (end 0.162779 -0.51) (layer F.SilkS) (width 0.12))
    (fp_line (start -0.162779 0.51) (end 0.162779 0.51) (layer F.SilkS) (width 0.12))
    (fp_line (start -1.48 0.73) (end -1.48 -0.73) (layer F.CrtYd) (width 0.05))
    (fp_line (start -1.48 -0.73) (end 1.48 -0.73) (layer F.CrtYd) (width 0.05))
    (fp_line (start 1.48 -0.73) (end 1.48 0.73) (layer F.CrtYd) (width 0.05))
    (fp_line (start 1.48 0.73) (end -1.48 0.73) (layer F.CrtYd) (width 0.05))
    (fp_text user %R (at 0 0) (layer F.Fab)
      (effects (font (size 0.4 0.4) (thickness 0.06)))
    )
    (pad 1 smd roundrect (at -0.7875 0 180) (size 0.875 0.95) (layers F.Cu F.Paste F.Mask) (roundrect_rratio 0.25)
      (net 2 -BATT))
    (pad 2 smd roundrect (at 0.7875 0 180) (size 0.875 0.95) (layers F.Cu F.Paste F.Mask) (roundrect_rratio 0.25)
      (net 4 "Net-(C3-Pad2)"))
    (model ${KISYS3DMOD}/Capacitor_SMD.3dshapes/C_0603_1608Metric.wrl
      (at (xyz 0 0 0))
      (scale (xyz 1 1 1))
      (rotate (xyz 0 0 0))
    )
  )

  (module Capacitor_SMD:C_0603_1608Metric (layer F.Cu) (tedit 5B301BBE) (tstamp 5E0E6D55)
    (at 114.25 121.75 180)
    (descr "Capacitor SMD 0603 (1608 Metric), square (rectangular) end terminal, IPC_7351 nominal, (Body size source: http://www.tortai-tech.com/upload/download/2011102023233369053.pdf), generated with kicad-footprint-generator")
    (tags capacitor)
    (path /5E0CBF52/5E0DB368)
    (attr smd)
    (fp_text reference C4 (at 0 -1.43) (layer F.SilkS)
      (effects (font (size 1 1) (thickness 0.15)))
    )
    (fp_text value 0.1µF (at 0 1.43) (layer F.Fab)
      (effects (font (size 1 1) (thickness 0.15)))
    )
    (fp_line (start -0.8 0.4) (end -0.8 -0.4) (layer F.Fab) (width 0.1))
    (fp_line (start -0.8 -0.4) (end 0.8 -0.4) (layer F.Fab) (width 0.1))
    (fp_line (start 0.8 -0.4) (end 0.8 0.4) (layer F.Fab) (width 0.1))
    (fp_line (start 0.8 0.4) (end -0.8 0.4) (layer F.Fab) (width 0.1))
    (fp_line (start -0.162779 -0.51) (end 0.162779 -0.51) (layer F.SilkS) (width 0.12))
    (fp_line (start -0.162779 0.51) (end 0.162779 0.51) (layer F.SilkS) (width 0.12))
    (fp_line (start -1.48 0.73) (end -1.48 -0.73) (layer F.CrtYd) (width 0.05))
    (fp_line (start -1.48 -0.73) (end 1.48 -0.73) (layer F.CrtYd) (width 0.05))
    (fp_line (start 1.48 -0.73) (end 1.48 0.73) (layer F.CrtYd) (width 0.05))
    (fp_line (start 1.48 0.73) (end -1.48 0.73) (layer F.CrtYd) (width 0.05))
    (fp_text user %R (at 0 0) (layer F.Fab)
      (effects (font (size 0.4 0.4) (thickness 0.06)))
    )
    (pad 1 smd roundrect (at -0.7875 0 180) (size 0.875 0.95) (layers F.Cu F.Paste F.Mask) (roundrect_rratio 0.25)
      (net 2 -BATT))
    (pad 2 smd roundrect (at 0.7875 0 180) (size 0.875 0.95) (layers F.Cu F.Paste F.Mask) (roundrect_rratio 0.25)
      (net 5 "Net-(C4-Pad2)"))
    (model ${KISYS3DMOD}/Capacitor_SMD.3dshapes/C_0603_1608Metric.wrl
      (at (xyz 0 0 0))
      (scale (xyz 1 1 1))
      (rotate (xyz 0 0 0))
    )
  )

  (module Capacitor_SMD:C_0603_1608Metric (layer F.Cu) (tedit 5B301BBE) (tstamp 5E0E6D66)
    (at 125.25 121.5 270)
    (descr "Capacitor SMD 0603 (1608 Metric), square (rectangular) end terminal, IPC_7351 nominal, (Body size source: http://www.tortai-tech.com/upload/download/2011102023233369053.pdf), generated with kicad-footprint-generator")
    (tags capacitor)
    (path /5E0CBF52/5E13165B)
    (attr smd)
    (fp_text reference C5 (at 0 -1.43 90) (layer F.SilkS)
      (effects (font (size 1 1) (thickness 0.15)))
    )
    (fp_text value 0.1µF (at 0 1.43 90) (layer F.Fab)
      (effects (font (size 1 1) (thickness 0.15)))
    )
    (fp_text user %R (at 0 0 90) (layer F.Fab)
      (effects (font (size 0.4 0.4) (thickness 0.06)))
    )
    (fp_line (start 1.48 0.73) (end -1.48 0.73) (layer F.CrtYd) (width 0.05))
    (fp_line (start 1.48 -0.73) (end 1.48 0.73) (layer F.CrtYd) (width 0.05))
    (fp_line (start -1.48 -0.73) (end 1.48 -0.73) (layer F.CrtYd) (width 0.05))
    (fp_line (start -1.48 0.73) (end -1.48 -0.73) (layer F.CrtYd) (width 0.05))
    (fp_line (start -0.162779 0.51) (end 0.162779 0.51) (layer F.SilkS) (width 0.12))
    (fp_line (start -0.162779 -0.51) (end 0.162779 -0.51) (layer F.SilkS) (width 0.12))
    (fp_line (start 0.8 0.4) (end -0.8 0.4) (layer F.Fab) (width 0.1))
    (fp_line (start 0.8 -0.4) (end 0.8 0.4) (layer F.Fab) (width 0.1))
    (fp_line (start -0.8 -0.4) (end 0.8 -0.4) (layer F.Fab) (width 0.1))
    (fp_line (start -0.8 0.4) (end -0.8 -0.4) (layer F.Fab) (width 0.1))
    (pad 2 smd roundrect (at 0.7875 0 270) (size 0.875 0.95) (layers F.Cu F.Paste F.Mask) (roundrect_rratio 0.25)
      (net 6 "Net-(C5-Pad2)"))
    (pad 1 smd roundrect (at -0.7875 0 270) (size 0.875 0.95) (layers F.Cu F.Paste F.Mask) (roundrect_rratio 0.25)
      (net 7 "Net-(C5-Pad1)"))
    (model ${KISYS3DMOD}/Capacitor_SMD.3dshapes/C_0603_1608Metric.wrl
      (at (xyz 0 0 0))
      (scale (xyz 1 1 1))
      (rotate (xyz 0 0 0))
    )
  )

  (module Capacitor_SMD:C_0603_1608Metric (layer F.Cu) (tedit 5B301BBE) (tstamp 5E0E6D77)
    (at 112 115.5 180)
    (descr "Capacitor SMD 0603 (1608 Metric), square (rectangular) end terminal, IPC_7351 nominal, (Body size source: http://www.tortai-tech.com/upload/download/2011102023233369053.pdf), generated with kicad-footprint-generator")
    (tags capacitor)
    (path /5E0CBF52/5E0D68C3)
    (attr smd)
    (fp_text reference C6 (at 0 -1.43) (layer F.SilkS)
      (effects (font (size 1 1) (thickness 0.15)))
    )
    (fp_text value 2.2µF (at 0 1.43) (layer F.Fab)
      (effects (font (size 1 1) (thickness 0.15)))
    )
    (fp_line (start -0.8 0.4) (end -0.8 -0.4) (layer F.Fab) (width 0.1))
    (fp_line (start -0.8 -0.4) (end 0.8 -0.4) (layer F.Fab) (width 0.1))
    (fp_line (start 0.8 -0.4) (end 0.8 0.4) (layer F.Fab) (width 0.1))
    (fp_line (start 0.8 0.4) (end -0.8 0.4) (layer F.Fab) (width 0.1))
    (fp_line (start -0.162779 -0.51) (end 0.162779 -0.51) (layer F.SilkS) (width 0.12))
    (fp_line (start -0.162779 0.51) (end 0.162779 0.51) (layer F.SilkS) (width 0.12))
    (fp_line (start -1.48 0.73) (end -1.48 -0.73) (layer F.CrtYd) (width 0.05))
    (fp_line (start -1.48 -0.73) (end 1.48 -0.73) (layer F.CrtYd) (width 0.05))
    (fp_line (start 1.48 -0.73) (end 1.48 0.73) (layer F.CrtYd) (width 0.05))
    (fp_line (start 1.48 0.73) (end -1.48 0.73) (layer F.CrtYd) (width 0.05))
    (fp_text user %R (at 0 0) (layer F.Fab)
      (effects (font (size 0.4 0.4) (thickness 0.06)))
    )
    (pad 1 smd roundrect (at -0.7875 0 180) (size 0.875 0.95) (layers F.Cu F.Paste F.Mask) (roundrect_rratio 0.25)
      (net 8 "Net-(C6-Pad1)"))
    (pad 2 smd roundrect (at 0.7875 0 180) (size 0.875 0.95) (layers F.Cu F.Paste F.Mask) (roundrect_rratio 0.25)
      (net 2 -BATT))
    (model ${KISYS3DMOD}/Capacitor_SMD.3dshapes/C_0603_1608Metric.wrl
      (at (xyz 0 0 0))
      (scale (xyz 1 1 1))
      (rotate (xyz 0 0 0))
    )
  )

  (module Capacitor_SMD:C_0603_1608Metric (layer F.Cu) (tedit 5B301BBE) (tstamp 5E0E6D88)
    (at 220.505001 135.545001)
    (descr "Capacitor SMD 0603 (1608 Metric), square (rectangular) end terminal, IPC_7351 nominal, (Body size source: http://www.tortai-tech.com/upload/download/2011102023233369053.pdf), generated with kicad-footprint-generator")
    (tags capacitor)
    (path /5E0CBF52/5E21170A)
    (attr smd)
    (fp_text reference C7 (at 0 -1.43) (layer F.SilkS)
      (effects (font (size 1 1) (thickness 0.15)))
    )
    (fp_text value 0.1µF (at 0 1.43) (layer F.Fab)
      (effects (font (size 1 1) (thickness 0.15)))
    )
    (fp_line (start -0.8 0.4) (end -0.8 -0.4) (layer F.Fab) (width 0.1))
    (fp_line (start -0.8 -0.4) (end 0.8 -0.4) (layer F.Fab) (width 0.1))
    (fp_line (start 0.8 -0.4) (end 0.8 0.4) (layer F.Fab) (width 0.1))
    (fp_line (start 0.8 0.4) (end -0.8 0.4) (layer F.Fab) (width 0.1))
    (fp_line (start -0.162779 -0.51) (end 0.162779 -0.51) (layer F.SilkS) (width 0.12))
    (fp_line (start -0.162779 0.51) (end 0.162779 0.51) (layer F.SilkS) (width 0.12))
    (fp_line (start -1.48 0.73) (end -1.48 -0.73) (layer F.CrtYd) (width 0.05))
    (fp_line (start -1.48 -0.73) (end 1.48 -0.73) (layer F.CrtYd) (width 0.05))
    (fp_line (start 1.48 -0.73) (end 1.48 0.73) (layer F.CrtYd) (width 0.05))
    (fp_line (start 1.48 0.73) (end -1.48 0.73) (layer F.CrtYd) (width 0.05))
    (fp_text user %R (at 0 0) (layer F.Fab)
      (effects (font (size 0.4 0.4) (thickness 0.06)))
    )
    (pad 1 smd roundrect (at -0.7875 0) (size 0.875 0.95) (layers F.Cu F.Paste F.Mask) (roundrect_rratio 0.25)
      (net 9 CELL4))
    (pad 2 smd roundrect (at 0.7875 0) (size 0.875 0.95) (layers F.Cu F.Paste F.Mask) (roundrect_rratio 0.25)
      (net 10 "Net-(C7-Pad2)"))
    (model ${KISYS3DMOD}/Capacitor_SMD.3dshapes/C_0603_1608Metric.wrl
      (at (xyz 0 0 0))
      (scale (xyz 1 1 1))
      (rotate (xyz 0 0 0))
    )
  )

  (module Capacitor_SMD:C_0603_1608Metric (layer F.Cu) (tedit 5B301BBE) (tstamp 5E0E6D99)
    (at 224.515001 135.465001)
    (descr "Capacitor SMD 0603 (1608 Metric), square (rectangular) end terminal, IPC_7351 nominal, (Body size source: http://www.tortai-tech.com/upload/download/2011102023233369053.pdf), generated with kicad-footprint-generator")
    (tags capacitor)
    (path /5E0CBF52/5E210D06)
    (attr smd)
    (fp_text reference C8 (at 0 -1.43) (layer F.SilkS)
      (effects (font (size 1 1) (thickness 0.15)))
    )
    (fp_text value 0.22µF (at 0 1.43) (layer F.Fab)
      (effects (font (size 1 1) (thickness 0.15)))
    )
    (fp_text user %R (at 0 0) (layer F.Fab)
      (effects (font (size 0.4 0.4) (thickness 0.06)))
    )
    (fp_line (start 1.48 0.73) (end -1.48 0.73) (layer F.CrtYd) (width 0.05))
    (fp_line (start 1.48 -0.73) (end 1.48 0.73) (layer F.CrtYd) (width 0.05))
    (fp_line (start -1.48 -0.73) (end 1.48 -0.73) (layer F.CrtYd) (width 0.05))
    (fp_line (start -1.48 0.73) (end -1.48 -0.73) (layer F.CrtYd) (width 0.05))
    (fp_line (start -0.162779 0.51) (end 0.162779 0.51) (layer F.SilkS) (width 0.12))
    (fp_line (start -0.162779 -0.51) (end 0.162779 -0.51) (layer F.SilkS) (width 0.12))
    (fp_line (start 0.8 0.4) (end -0.8 0.4) (layer F.Fab) (width 0.1))
    (fp_line (start 0.8 -0.4) (end 0.8 0.4) (layer F.Fab) (width 0.1))
    (fp_line (start -0.8 -0.4) (end 0.8 -0.4) (layer F.Fab) (width 0.1))
    (fp_line (start -0.8 0.4) (end -0.8 -0.4) (layer F.Fab) (width 0.1))
    (pad 2 smd roundrect (at 0.7875 0) (size 0.875 0.95) (layers F.Cu F.Paste F.Mask) (roundrect_rratio 0.25)
      (net 11 +VDC))
    (pad 1 smd roundrect (at -0.7875 0) (size 0.875 0.95) (layers F.Cu F.Paste F.Mask) (roundrect_rratio 0.25)
      (net 10 "Net-(C7-Pad2)"))
    (model ${KISYS3DMOD}/Capacitor_SMD.3dshapes/C_0603_1608Metric.wrl
      (at (xyz 0 0 0))
      (scale (xyz 1 1 1))
      (rotate (xyz 0 0 0))
    )
  )

  (module Capacitor_SMD:C_0603_1608Metric (layer F.Cu) (tedit 5B301BBE) (tstamp 5E0E6DAA)
    (at 87.25 109.5 90)
    (descr "Capacitor SMD 0603 (1608 Metric), square (rectangular) end terminal, IPC_7351 nominal, (Body size source: http://www.tortai-tech.com/upload/download/2011102023233369053.pdf), generated with kicad-footprint-generator")
    (tags capacitor)
    (path /5E0CBF52/5E1959FA)
    (attr smd)
    (fp_text reference C9 (at 0 -1.43 90) (layer F.SilkS)
      (effects (font (size 1 1) (thickness 0.15)))
    )
    (fp_text value 0.1µF (at 0 1.43 90) (layer F.Fab)
      (effects (font (size 1 1) (thickness 0.15)))
    )
    (fp_line (start -0.8 0.4) (end -0.8 -0.4) (layer F.Fab) (width 0.1))
    (fp_line (start -0.8 -0.4) (end 0.8 -0.4) (layer F.Fab) (width 0.1))
    (fp_line (start 0.8 -0.4) (end 0.8 0.4) (layer F.Fab) (width 0.1))
    (fp_line (start 0.8 0.4) (end -0.8 0.4) (layer F.Fab) (width 0.1))
    (fp_line (start -0.162779 -0.51) (end 0.162779 -0.51) (layer F.SilkS) (width 0.12))
    (fp_line (start -0.162779 0.51) (end 0.162779 0.51) (layer F.SilkS) (width 0.12))
    (fp_line (start -1.48 0.73) (end -1.48 -0.73) (layer F.CrtYd) (width 0.05))
    (fp_line (start -1.48 -0.73) (end 1.48 -0.73) (layer F.CrtYd) (width 0.05))
    (fp_line (start 1.48 -0.73) (end 1.48 0.73) (layer F.CrtYd) (width 0.05))
    (fp_line (start 1.48 0.73) (end -1.48 0.73) (layer F.CrtYd) (width 0.05))
    (fp_text user %R (at 0 0 90) (layer F.Fab)
      (effects (font (size 0.4 0.4) (thickness 0.06)))
    )
    (pad 1 smd roundrect (at -0.7875 0 90) (size 0.875 0.95) (layers F.Cu F.Paste F.Mask) (roundrect_rratio 0.25)
      (net 12 "Net-(C9-Pad1)"))
    (pad 2 smd roundrect (at 0.7875 0 90) (size 0.875 0.95) (layers F.Cu F.Paste F.Mask) (roundrect_rratio 0.25)
      (net 9 CELL4))
    (model ${KISYS3DMOD}/Capacitor_SMD.3dshapes/C_0603_1608Metric.wrl
      (at (xyz 0 0 0))
      (scale (xyz 1 1 1))
      (rotate (xyz 0 0 0))
    )
  )

  (module Capacitor_SMD:C_0603_1608Metric (layer F.Cu) (tedit 5B301BBE) (tstamp 5E139FFB)
    (at 142.5 114.25)
    (descr "Capacitor SMD 0603 (1608 Metric), square (rectangular) end terminal, IPC_7351 nominal, (Body size source: http://www.tortai-tech.com/upload/download/2011102023233369053.pdf), generated with kicad-footprint-generator")
    (tags capacitor)
    (path /5E0CE0A0/5E3A32E8)
    (attr smd)
    (fp_text reference C11 (at 0 -1.43) (layer F.SilkS)
      (effects (font (size 1 1) (thickness 0.15)))
    )
    (fp_text value 1800pF (at 0 1.43) (layer F.Fab)
      (effects (font (size 1 1) (thickness 0.15)))
    )
    (fp_text user %R (at 0 0) (layer F.Fab)
      (effects (font (size 0.4 0.4) (thickness 0.06)))
    )
    (fp_line (start 1.48 0.73) (end -1.48 0.73) (layer F.CrtYd) (width 0.05))
    (fp_line (start 1.48 -0.73) (end 1.48 0.73) (layer F.CrtYd) (width 0.05))
    (fp_line (start -1.48 -0.73) (end 1.48 -0.73) (layer F.CrtYd) (width 0.05))
    (fp_line (start -1.48 0.73) (end -1.48 -0.73) (layer F.CrtYd) (width 0.05))
    (fp_line (start -0.162779 0.51) (end 0.162779 0.51) (layer F.SilkS) (width 0.12))
    (fp_line (start -0.162779 -0.51) (end 0.162779 -0.51) (layer F.SilkS) (width 0.12))
    (fp_line (start 0.8 0.4) (end -0.8 0.4) (layer F.Fab) (width 0.1))
    (fp_line (start 0.8 -0.4) (end 0.8 0.4) (layer F.Fab) (width 0.1))
    (fp_line (start -0.8 -0.4) (end 0.8 -0.4) (layer F.Fab) (width 0.1))
    (fp_line (start -0.8 0.4) (end -0.8 -0.4) (layer F.Fab) (width 0.1))
    (pad 2 smd roundrect (at 0.7875 0) (size 0.875 0.95) (layers F.Cu F.Paste F.Mask) (roundrect_rratio 0.25)
      (net 13 GND))
    (pad 1 smd roundrect (at -0.7875 0) (size 0.875 0.95) (layers F.Cu F.Paste F.Mask) (roundrect_rratio 0.25)
      (net 14 "Net-(C11-Pad1)"))
    (model ${KISYS3DMOD}/Capacitor_SMD.3dshapes/C_0603_1608Metric.wrl
      (at (xyz 0 0 0))
      (scale (xyz 1 1 1))
      (rotate (xyz 0 0 0))
    )
  )

  (module Capacitor_SMD:C_0603_1608Metric (layer F.Cu) (tedit 5B301BBE) (tstamp 5E13A41B)
    (at 143.25 112 270)
    (descr "Capacitor SMD 0603 (1608 Metric), square (rectangular) end terminal, IPC_7351 nominal, (Body size source: http://www.tortai-tech.com/upload/download/2011102023233369053.pdf), generated with kicad-footprint-generator")
    (tags capacitor)
    (path /5E0CE0A0/5E3A4C06)
    (attr smd)
    (fp_text reference C13 (at 0 -1.43 90) (layer F.SilkS)
      (effects (font (size 1 1) (thickness 0.15)))
    )
    (fp_text value 33pF (at 0 1.43 90) (layer F.Fab)
      (effects (font (size 1 1) (thickness 0.15)))
    )
    (fp_text user %R (at 0 0 90) (layer F.Fab)
      (effects (font (size 0.4 0.4) (thickness 0.06)))
    )
    (fp_line (start 1.48 0.73) (end -1.48 0.73) (layer F.CrtYd) (width 0.05))
    (fp_line (start 1.48 -0.73) (end 1.48 0.73) (layer F.CrtYd) (width 0.05))
